[slide-1.jpg]
filters=Vignette=1,42.690060,2.000000,0.000000,00000000;
moddate=473c734ec12fd901
width=2000
height=1333
textactive=0
[slide-2.jpg]
filters=Vignette=1,45.614033,2.000000,0.000000,00000000;
moddate=8ee82861c12fd901
width=2000
height=1333
textactive=0
[slide-3.jpg]
filters=Vignette=1,44.736843,2.000000,0.000000,00000000;
moddate=0949a46bc12fd901
width=2000
height=1333
textactive=0
